150 5592
0 2
0 3
0 5
0 6
0 8
0 10
0 17
0 18
0 22
0 23
0 25
0 26
0 28
0 29
0 30
0 32
0 37
0 43
0 44
0 47
0 55
0 57
0 58
0 59
0 63
0 64
0 67
0 68
0 70
0 71
0 72
0 75
0 76
0 80
0 81
0 82
0 85
0 87
0 88
0 89
0 90
0 92
0 94
0 95
0 98
0 99
0 100
0 103
0 105
0 107
0 109
0 110
0 112
0 113
0 118
0 119
0 120
0 121
0 125
0 130
0 131
0 133
0 134
0 135
0 137
0 139
0 141
0 142
0 143
0 144
0 145
0 146
0 147
0 148
1 2
1 3
1 5
1 6
1 7
1 9
1 11
1 14
1 15
1 16
1 19
1 20
1 23
1 26
1 28
1 30
1 31
1 33
1 36
1 37
1 39
1 40
1 44
1 46
1 48
1 49
1 50
1 52
1 54
1 56
1 57
1 59
1 61
1 62
1 67
1 68
1 72
1 73
1 74
1 75
1 76
1 77
1 78
1 80
1 82
1 84
1 86
1 88
1 89
1 93
1 94
1 95
1 101
1 102
1 103
1 104
1 106
1 107
1 109
1 115
1 116
1 119
1 120
1 124
1 125
1 134
1 135
1 136
1 137
1 138
1 139
1 141
1 144
1 145
1 147
1 149
2 4
2 6
2 8
2 9
2 10
2 11
2 12
2 13
2 14
2 15
2 20
2 21
2 24
2 25
2 28
2 31
2 32
2 33
2 34
2 39
2 42
2 43
2 45
2 50
2 55
2 57
2 60
2 62
2 63
2 65
2 66
2 67
2 68
2 69
2 71
2 72
2 74
2 76
2 77
2 78
2 81
2 82
2 86
2 87
2 88
2 89
2 90
2 98
2 100
2 101
2 102
2 104
2 105
2 107
2 110
2 111
2 113
2 116
2 117
2 118
2 119
2 127
2 128
2 130
2 131
2 132
2 134
2 138
2 139
2 143
2 148
3 4
3 5
3 12
3 13
3 14
3 24
3 26
3 31
3 34
3 35
3 36
3 37
3 38
3 41
3 42
3 43
3 45
3 50
3 51
3 52
3 55
3 57
3 58
3 59
3 62
3 63
3 65
3 66
3 67
3 68
3 70
3 71
3 72
3 73
3 74
3 76
3 82
3 84
3 85
3 87
3 91
3 93
3 94
3 99
3 101
3 102
3 104
3 105
3 106
3 112
3 114
3 115
3 117
3 119
3 120
3 121
3 122
3 123
3 124
3 125
3 128
3 129
3 130
3 133
3 134
3 143
3 144
3 145
3 147
3 148
3 149
4 5
4 8
4 9
4 13
4 14
4 15
4 18
4 21
4 24
4 26
4 27
4 28
4 30
4 33
4 34
4 37
4 40
4 42
4 46
4 47
4 50
4 53
4 54
4 56
4 57
4 59
4 63
4 64
4 67
4 69
4 70
4 71
4 72
4 74
4 76
4 77
4 78
4 79
4 82
4 83
4 84
4 85
4 86
4 92
4 95
4 96
4 97
4 99
4 103
4 106
4 107
4 108
4 113
4 114
4 117
4 118
4 122
4 124
4 129
4 130
4 131
4 133
4 137
4 141
4 143
4 146
4 147
4 148
5 7
5 10
5 11
5 14
5 15
5 17
5 18
5 19
5 20
5 22
5 23
5 26
5 28
5 30
5 33
5 34
5 35
5 40
5 42
5 47
5 48
5 50
5 51
5 53
5 55
5 56
5 57
5 58
5 61
5 62
5 64
5 71
5 72
5 73
5 78
5 79
5 82
5 84
5 85
5 86
5 87
5 88
5 90
5 91
5 92
5 95
5 97
5 99
5 100
5 101
5 103
5 107
5 111
5 113
5 114
5 116
5 117
5 118
5 119
5 121
5 126
5 127
5 129
5 131
5 133
5 135
5 138
5 139
5 143
5 145
5 149
6 8
6 12
6 13
6 16
6 18
6 21
6 22
6 23
6 25
6 26
6 28
6 31
6 32
6 35
6 36
6 37
6 39
6 41
6 42
6 43
6 44
6 46
6 47
6 48
6 49
6 50
6 51
6 52
6 54
6 55
6 58
6 62
6 64
6 66
6 68
6 69
6 73
6 77
6 78
6 79
6 80
6 82
6 85
6 92
6 93
6 94
6 96
6 100
6 101
6 102
6 103
6 104
6 106
6 107
6 110
6 111
6 115
6 119
6 124
6 126
6 132
6 134
6 138
6 139
6 141
6 143
6 147
6 149
7 9
7 10
7 11
7 12
7 14
7 17
7 20
7 25
7 26
7 28
7 29
7 30
7 31
7 38
7 40
7 41
7 42
7 43
7 45
7 49
7 50
7 52
7 53
7 54
7 57
7 58
7 59
7 61
7 62
7 63
7 65
7 66
7 71
7 72
7 78
7 79
7 80
7 81
7 82
7 84
7 87
7 88
7 89
7 95
7 96
7 97
7 100
7 101
7 102
7 104
7 105
7 109
7 113
7 120
7 122
7 123
7 126
7 127
7 128
7 129
7 130
7 132
7 138
7 139
7 140
7 145
7 146
7 149
8 10
8 11
8 14
8 16
8 19
8 20
8 21
8 24
8 25
8 27
8 29
8 30
8 32
8 33
8 34
8 35
8 37
8 39
8 40
8 41
8 44
8 45
8 46
8 47
8 48
8 50
8 51
8 54
8 56
8 59
8 61
8 62
8 64
8 65
8 66
8 68
8 69
8 73
8 77
8 78
8 79
8 82
8 84
8 86
8 89
8 93
8 97
8 99
8 101
8 102
8 104
8 107
8 110
8 112
8 113
8 114
8 115
8 116
8 118
8 119
8 121
8 123
8 125
8 129
8 132
8 134
8 135
8 136
8 137
8 141
8 142
8 144
8 145
8 147
8 149
9 12
9 13
9 14
9 15
9 16
9 18
9 19
9 22
9 23
9 26
9 27
9 28
9 30
9 36
9 38
9 39
9 41
9 46
9 47
9 48
9 50
9 52
9 53
9 54
9 55
9 58
9 59
9 60
9 62
9 64
9 66
9 67
9 69
9 70
9 71
9 72
9 73
9 74
9 75
9 77
9 78
9 83
9 84
9 85
9 86
9 89
9 90
9 92
9 93
9 94
9 97
9 98
9 102
9 105
9 107
9 112
9 114
9 115
9 116
9 117
9 119
9 122
9 123
9 132
9 133
9 134
9 136
9 137
9 139
9 141
9 142
9 143
9 144
9 146
9 148
10 13
10 14
10 18
10 23
10 24
10 25
10 28
10 32
10 33
10 34
10 36
10 37
10 38
10 43
10 45
10 46
10 51
10 52
10 53
10 55
10 58
10 60
10 61
10 62
10 63
10 64
10 65
10 67
10 68
10 72
10 73
10 74
10 75
10 78
10 80
10 83
10 84
10 86
10 88
10 89
10 90
10 93
10 94
10 97
10 98
10 99
10 100
10 101
10 104
10 105
10 107
10 110
10 114
10 117
10 122
10 124
10 125
10 126
10 130
10 131
10 132
10 138
10 139
10 141
10 143
10 144
10 145
10 148
10 149
11 16
11 19
11 22
11 24
11 25
11 29
11 30
11 31
11 32
11 34
11 35
11 36
11 39
11 40
11 41
11 42
11 43
11 44
11 46
11 47
11 50
11 52
11 56
11 58
11 60
11 61
11 62
11 65
11 67
11 70
11 71
11 73
11 77
11 78
11 80
11 82
11 83
11 84
11 85
11 86
11 87
11 88
11 91
11 93
11 95
11 99
11 100
11 101
11 104
11 105
11 106
11 107
11 108
11 109
11 110
11 111
11 112
11 113
11 115
11 116
11 118
11 122
11 125
11 126
11 127
11 130
11 131
11 136
11 138
11 139
11 141
11 145
11 146
11 148
11 149
12 13
12 14
12 15
12 17
12 21
12 25
12 26
12 27
12 28
12 29
12 32
12 36
12 37
12 41
12 44
12 45
12 48
12 49
12 50
12 51
12 53
12 54
12 55
12 57
12 61
12 62
12 64
12 66
12 68
12 69
12 72
12 73
12 75
12 77
12 78
12 79
12 80
12 81
12 83
12 85
12 86
12 92
12 93
12 95
12 97
12 99
12 100
12 104
12 105
12 106
12 109
12 110
12 114
12 115
12 116
12 120
12 122
12 123
12 132
12 136
12 139
12 140
12 142
12 144
12 145
12 148
12 149
13 14
13 15
13 16
13 17
13 19
13 20
13 24
13 27
13 28
13 29
13 31
13 33
13 34
13 36
13 38
13 40
13 50
13 53
13 54
13 55
13 56
13 58
13 61
13 62
13 64
13 68
13 69
13 71
13 74
13 77
13 80
13 81
13 84
13 86
13 90
13 91
13 93
13 96
13 97
13 100
13 103
13 105
13 107
13 108
13 109
13 110
13 118
13 120
13 121
13 124
13 126
13 128
13 130
13 135
13 136
13 137
13 140
13 141
13 142
13 143
13 146
13 148
14 16
14 20
14 21
14 23
14 25
14 26
14 27
14 28
14 29
14 31
14 32
14 37
14 38
14 39
14 43
14 50
14 51
14 52
14 55
14 56
14 59
14 60
14 61
14 63
14 64
14 68
14 71
14 72
14 73
14 74
14 78
14 79
14 81
14 84
14 85
14 86
14 88
14 89
14 90
14 92
14 93
14 94
14 95
14 98
14 99
14 100
14 101
14 103
14 105
14 107
14 110
14 111
14 113
14 116
14 117
14 118
14 119
14 121
14 135
14 138
14 140
14 143
14 145
14 146
14 147
14 148
15 17
15 18
15 19
15 20
15 21
15 22
15 23
15 24
15 26
15 29
15 32
15 34
15 38
15 41
15 42
15 43
15 44
15 45
15 47
15 49
15 50
15 51
15 55
15 57
15 58
15 59
15 60
15 62
15 63
15 65
15 67
15 68
15 69
15 71
15 74
15 77
15 78
15 79
15 81
15 82
15 83
15 84
15 85
15 86
15 87
15 88
15 89
15 90
15 93
15 95
15 96
15 102
15 103
15 105
15 106
15 107
15 108
15 110
15 112
15 113
15 115
15 116
15 119
15 120
15 122
15 126
15 129
15 132
15 133
15 135
15 137
15 138
15 141
15 145
15 147
15 148
16 17
16 20
16 21
16 24
16 25
16 27
16 28
16 29
16 34
16 35
16 36
16 37
16 38
16 41
16 42
16 46
16 47
16 48
16 49
16 50
16 55
16 58
16 65
16 67
16 68
16 69
16 70
16 71
16 75
16 78
16 79
16 81
16 82
16 85
16 86
16 89
16 90
16 91
16 92
16 93
16 96
16 97
16 98
16 99
16 104
16 109
16 111
16 114
16 115
16 119
16 120
16 123
16 124
16 125
16 128
16 129
16 131
16 132
16 133
16 134
16 135
16 137
16 140
16 144
16 146
16 147
16 149
17 18
17 20
17 22
17 25
17 26
17 29
17 32
17 33
17 35
17 36
17 37
17 39
17 41
17 43
17 46
17 48
17 49
17 50
17 51
17 52
17 53
17 63
17 69
17 70
17 71
17 75
17 80
17 81
17 86
17 89
17 92
17 93
17 95
17 98
17 101
17 105
17 106
17 108
17 109
17 110
17 111
17 113
17 117
17 118
17 120
17 124
17 125
17 126
17 127
17 128
17 129
17 133
17 136
17 139
17 142
17 147
17 148
18 19
18 21
18 24
18 26
18 30
18 31
18 32
18 35
18 37
18 40
18 42
18 47
18 49
18 50
18 52
18 54
18 55
18 57
18 58
18 60
18 62
18 63
18 64
18 65
18 69
18 71
18 72
18 75
18 76
18 80
18 82
18 86
18 87
18 89
18 95
18 98
18 99
18 100
18 103
18 104
18 107
18 111
18 113
18 114
18 115
18 116
18 117
18 122
18 123
18 126
18 127
18 130
18 131
18 135
18 136
18 140
18 144
18 145
18 146
18 147
18 149
19 22
19 25
19 26
19 28
19 29
19 30
19 32
19 33
19 35
19 37
19 38
19 41
19 42
19 45
19 46
19 48
19 50
19 51
19 56
19 57
19 58
19 59
19 60
19 61
19 63
19 64
19 67
19 69
19 71
19 72
19 75
19 76
19 77
19 79
19 82
19 83
19 84
19 85
19 92
19 93
19 94
19 98
19 99
19 100
19 101
19 102
19 104
19 107
19 108
19 111
19 112
19 114
19 115
19 116
19 118
19 120
19 125
19 128
19 132
19 134
19 135
19 136
19 137
19 138
19 140
19 141
19 142
19 145
19 146
19 148
20 23
20 24
20 27
20 28
20 30
20 36
20 39
20 41
20 43
20 44
20 46
20 47
20 48
20 49
20 50
20 51
20 54
20 56
20 57
20 59
20 60
20 61
20 63
20 64
20 65
20 72
20 74
20 75
20 80
20 81
20 82
20 84
20 87
20 88
20 89
20 92
20 96
20 98
20 99
20 100
20 102
20 103
20 104
20 105
20 106
20 108
20 110
20 113
20 114
20 116
20 117
20 121
20 122
20 123
20 128
20 130
20 133
20 134
20 137
20 142
20 144
20 145
20 146
20 148
20 149
21 23
21 25
21 26
21 30
21 31
21 36
21 38
21 39
21 41
21 42
21 43
21 44
21 45
21 46
21 49
21 50
21 51
21 52
21 53
21 55
21 57
21 58
21 60
21 61
21 63
21 64
21 65
21 66
21 70
21 72
21 73
21 74
21 75
21 76
21 77
21 80
21 82
21 87
21 88
21 89
21 92
21 93
21 94
21 95
21 97
21 102
21 104
21 105
21 106
21 107
21 108
21 109
21 110
21 111
21 113
21 114
21 115
21 118
21 121
21 123
21 126
21 129
21 131
21 132
21 133
21 134
21 135
21 139
21 141
21 144
21 145
21 146
21 148
22 25
22 27
22 29
22 30
22 34
22 35
22 37
22 38
22 42
22 44
22 47
22 51
22 55
22 56
22 58
22 62
22 64
22 65
22 66
22 70
22 71
22 72
22 74
22 75
22 77
22 78
22 81
22 83
22 84
22 89
22 90
22 92
22 93
22 94
22 96
22 97
22 98
22 100
22 101
22 102
22 105
22 106
22 110
22 111
22 112
22 123
22 124
22 127
22 129
22 130
22 131
22 136
22 137
22 138
22 140
22 141
22 145
22 146
22 149
23 24
23 25
23 26
23 27
23 28
23 30
23 34
23 36
23 40
23 41
23 42
23 44
23 45
23 47
23 48
23 52
23 56
23 58
23 59
23 62
23 64
23 69
23 70
23 72
23 73
23 74
23 75
23 80
23 81
23 82
23 84
23 87
23 88
23 90
23 100
23 102
23 105
23 106
23 108
23 112
23 116
23 118
23 119
23 122
23 127
23 128
23 129
23 131
23 132
23 133
23 134
23 137
23 140
23 141
23 142
23 148
23 149
24 27
24 31
24 32
24 33
24 34
24 35
24 36
24 37
24 38
24 42
24 43
24 46
24 48
24 51
24 52
24 53
24 54
24 55
24 56
24 58
24 61
24 62
24 64
24 65
24 67
24 73
24 74
24 76
24 78
24 79
24 80
24 83
24 86
24 89
24 90
24 92
24 94
24 95
24 99
24 100
24 102
24 104
24 107
24 108
24 110
24 112
24 114
24 116
24 117
24 118
24 119
24 120
24 121
24 123
24 124
24 126
24 127
24 131
24 132
24 133
24 134
24 138
24 139
24 142
24 144
24 145
24 146
24 149
25 31
25 32
25 35
25 39
25 40
25 42
25 44
25 45
25 46
25 47
25 51
25 53
25 54
25 55
25 56
25 58
25 59
25 60
25 61
25 62
25 63
25 66
25 69
25 71
25 72
25 73
25 74
25 76
25 78
25 79
25 82
25 87
25 90
25 92
25 96
25 97
25 101
25 102
25 103
25 106
25 107
25 110
25 111
25 112
25 114
25 115
25 117
25 119
25 120
25 121
25 122
25 123
25 126
25 127
25 128
25 129
25 132
25 138
25 140
25 144
25 145
25 146
25 148
25 149
26 29
26 31
26 34
26 38
26 39
26 40
26 43
26 44
26 45
26 46
26 47
26 48
26 53
26 54
26 60
26 61
26 63
26 68
26 69
26 70
26 71
26 72
26 73
26 76
26 77
26 79
26 82
26 84
26 87
26 88
26 90
26 92
26 94
26 95
26 97
26 99
26 100
26 102
26 103
26 104
26 111
26 113
26 117
26 120
26 121
26 122
26 123
26 124
26 128
26 130
26 132
26 136
26 137
26 138
26 141
26 142
26 144
26 145
26 147
26 148
26 149
27 28
27 29
27 30
27 31
27 32
27 34
27 43
27 47
27 49
27 50
27 53
27 55
27 57
27 59
27 60
27 61
27 62
27 63
27 65
27 66
27 69
27 70
27 71
27 72
27 74
27 75
27 76
27 77
27 78
27 79
27 80
27 82
27 85
27 86
27 91
27 92
27 97
27 99
27 101
27 103
27 104
27 106
27 107
27 109
27 112
27 115
27 118
27 120
27 121
27 125
27 126
27 127
27 129
27 131
27 132
27 133
27 136
27 138
27 140
27 141
27 144
27 145
27 147
27 148
27 149
28 29
28 30
28 32
28 33
28 35
28 36
28 37
28 44
28 46
28 47
28 49
28 53
28 59
28 60
28 61
28 62
28 65
28 69
28 70
28 71
28 72
28 74
28 75
28 76
28 77
28 80
28 81
28 85
28 86
28 89
28 90
28 91
28 93
28 95
28 96
28 99
28 100
28 103
28 104
28 107
28 110
28 112
28 114
28 115
28 116
28 117
28 118
28 119
28 122
28 124
28 126
28 128
28 131
28 132
28 133
28 134
28 135
28 138
28 140
28 142
28 144
28 145
28 147
28 149
29 32
29 33
29 36
29 38
29 39
29 46
29 47
29 49
29 52
29 54
29 55
29 58
29 60
29 65
29 69
29 70
29 72
29 73
29 76
29 77
29 84
29 85
29 87
29 91
29 94
29 95
29 97
29 99
29 102
29 107
29 109
29 112
29 113
29 117
29 120
29 122
29 124
29 126
29 127
29 128
29 129
29 130
29 131
29 133
29 135
29 137
29 138
29 140
29 141
29 144
29 146
29 147
29 148
29 149
30 31
30 32
30 33
30 34
30 35
30 38
30 40
30 41
30 42
30 47
30 51
30 54
30 58
30 59
30 60
30 62
30 65
30 66
30 69
30 76
30 77
30 79
30 81
30 84
30 85
30 86
30 87
30 88
30 89
30 93
30 94
30 95
30 97
30 98
30 99
30 100
30 101
30 104
30 106
30 109
30 111
30 112
30 113
30 114
30 115
30 120
30 124
30 126
30 127
30 129
30 135
30 138
30 140
30 144
30 145
30 146
30 147
31 34
31 35
31 36
31 38
31 39
31 40
31 42
31 46
31 50
31 51
31 54
31 55
31 56
31 59
31 62
31 63
31 68
31 70
31 73
31 76
31 77
31 81
31 87
31 88
31 89
31 91
31 96
31 97
31 100
31 102
31 103
31 104
31 105
31 107
31 108
31 113
31 115
31 116
31 117
31 118
31 121
31 122
31 123
31 124
31 125
31 129
31 130
31 133
31 138
31 140
31 143
31 146
31 147
32 38
32 41
32 42
32 43
32 45
32 46
32 50
32 51
32 53
32 55
32 56
32 57
32 58
32 62
32 64
32 65
32 66
32 67
32 71
32 73
32 74
32 75
32 76
32 77
32 78
32 79
32 82
32 83
32 85
32 89
32 91
32 93
32 94
32 98
32 99
32 101
32 102
32 103
32 104
32 105
32 106
32 107
32 109
32 112
32 114
32 117
32 118
32 121
32 122
32 124
32 125
32 127
32 129
32 130
32 132
32 134
32 136
32 137
32 138
32 139
32 140
32 141
32 142
32 144
32 145
32 146
32 147
33 40
33 41
33 43
33 45
33 46
33 48
33 49
33 51
33 52
33 55
33 56
33 57
33 59
33 63
33 68
33 69
33 70
33 71
33 75
33 77
33 81
33 82
33 84
33 87
33 89
33 90
33 91
33 93
33 95
33 96
33 97
33 98
33 99
33 101
33 102
33 103
33 105
33 106
33 107
33 109
33 111
33 114
33 116
33 117
33 118
33 119
33 120
33 121
33 122
33 128
33 129
33 130
33 132
33 142
33 143
33 144
33 146
33 147
34 38
34 42
34 44
34 48
34 53
34 55
34 56
34 57
34 60
34 62
34 65
34 66
34 68
34 69
34 70
34 72
34 73
34 74
34 77
34 78
34 81
34 82
34 83
34 84
34 87
34 92
34 96
34 101
34 102
34 104
34 105
34 109
34 112
34 113
34 115
34 116
34 119
34 123
34 124
34 125
34 127
34 128
34 129
34 136
34 137
34 139
34 140
34 142
34 143
34 145
34 146
34 147
35 36
35 43
35 46
35 50
35 51
35 52
35 53
35 54
35 57
35 58
35 59
35 61
35 63
35 64
35 68
35 70
35 71
35 72
35 73
35 74
35 75
35 79
35 81
35 82
35 83
35 85
35 87
35 88
35 90
35 91
35 95
35 96
35 98
35 99
35 101
35 102
35 103
35 106
35 108
35 109
35 114
35 117
35 118
35 120
35 121
35 123
35 125
35 126
35 127
35 128
35 129
35 131
35 138
35 140
35 141
35 146
35 148
36 37
36 41
36 42
36 44
36 45
36 46
36 47
36 48
36 50
36 52
36 53
36 56
36 58
36 60
36 61
36 63
36 64
36 65
36 66
36 67
36 68
36 69
36 71
36 73
36 74
36 75
36 76
36 77
36 79
36 80
36 82
36 83
36 86
36 89
36 91
36 92
36 93
36 94
36 96
36 102
36 103
36 106
36 107
36 110
36 111
36 113
36 116
36 117
36 121
36 123
36 124
36 125
36 126
36 128
36 130
36 131
36 133
36 138
36 142
36 145
36 147
37 39
37 41
37 44
37 45
37 47
37 48
37 49
37 52
37 54
37 57
37 59
37 61
37 63
37 64
37 65
37 66
37 67
37 68
37 71
37 72
37 73
37 74
37 75
37 78
37 79
37 81
37 83
37 88
37 89
37 90
37 93
37 96
37 98
37 101
37 103
37 104
37 105
37 106
37 107
37 108
37 109
37 110
37 111
37 112
37 115
37 122
37 124
37 129
37 131
37 132
37 133
37 135
37 136
37 139
37 141
37 143
37 144
37 148
38 40
38 43
38 51
38 54
38 56
38 60
38 61
38 62
38 63
38 65
38 66
38 67
38 68
38 70
38 72
38 74
38 76
38 77
38 78
38 80
38 81
38 83
38 85
38 89
38 93
38 94
38 97
38 100
38 101
38 105
38 106
38 107
38 110
38 114
38 115
38 117
38 118
38 119
38 120
38 121
38 122
38 125
38 126
38 131
38 134
38 135
38 138
38 143
38 144
38 145
38 146
38 147
38 148
39 42
39 43
39 44
39 45
39 48
39 50
39 52
39 56
39 57
39 59
39 60
39 61
39 63
39 65
39 68
39 72
39 75
39 82
39 83
39 85
39 87
39 91
39 92
39 99
39 100
39 101
39 102
39 104
39 109
39 112
39 118
39 119
39 120
39 125
39 126
39 129
39 131
39 132
39 133
39 135
39 136
39 140
39 141
39 144
39 145
39 146
39 149
40 44
40 46
40 47
40 48
40 49
40 52
40 53
40 54
40 56
40 57
40 58
40 59
40 60
40 61
40 63
40 65
40 68
40 69
40 72
40 75
40 80
40 82
40 85
40 86
40 88
40 92
40 93
40 98
40 99
40 100
40 102
40 104
40 105
40 111
40 113
40 116
40 118
40 123
40 125
40 126
40 129
40 130
40 131
40 133
40 135
40 138
40 140
40 142
40 143
40 145
40 149
41 45
41 46
41 47
41 48
41 49
41 51
41 53
41 55
41 60
41 62
41 64
41 65
41 67
41 69
41 70
41 73
41 74
41 77
41 78
41 80
41 83
41 86
41 94
41 97
41 99
41 101
41 103
41 105
41 106
41 109
41 110
41 113
41 116
41 119
41 121
41 122
41 123
41 126
41 127
41 128
41 129
41 130
41 135
41 139
41 140
41 142
41 143
41 145
41 147
41 148
42 43
42 47
42 49
42 50
42 53
42 54
42 57
42 58
42 60
42 61
42 63
42 65
42 66
42 67
42 69
42 73
42 77
42 78
42 79
42 80
42 81
42 84
42 88
42 93
42 95
42 96
42 99
42 102
42 103
42 104
42 106
42 107
42 108
42 109
42 111
42 112
42 114
42 116
42 117
42 118
42 120
42 122
42 123
42 124
42 125
42 127
42 132
42 135
42 136
42 138
42 140
42 141
42 142
42 144
42 146
42 148
42 149
43 48
43 50
43 52
43 56
43 57
43 58
43 59
43 63
43 66
43 68
43 69
43 71
43 73
43 78
43 88
43 91
43 92
43 93
43 94
43 95
43 96
43 98
43 99
43 100
43 103
43 106
43 108
43 109
43 110
43 115
43 116
43 117
43 118
43 126
43 131
43 132
43 133
43 136
43 137
43 138
43 139
43 140
43 141
43 142
43 143
43 144
43 146
43 147
43 149
44 45
44 47
44 51
44 53
44 54
44 57
44 59
44 62
44 63
44 64
44 65
44 66
44 67
44 68
44 69
44 70
44 71
44 76
44 77
44 78
44 85
44 86
44 87
44 90
44 91
44 94
44 96
44 97
44 99
44 100
44 101
44 102
44 112
44 114
44 117
44 124
44 127
44 128
44 130
44 132
44 133
44 134
44 137
44 138
44 140
44 141
44 144
44 148
44 149
45 46
45 47
45 48
45 49
45 50
45 51
45 52
45 55
45 56
45 58
45 59
45 61
45 63
45 66
45 67
45 68
45 69
45 70
45 77
45 78
45 81
45 84
45 86
45 87
45 88
45 91
45 92
45 94
45 95
45 97
45 98
45 100
45 101
45 102
45 103
45 106
45 107
45 108
45 111
45 112
45 114
45 115
45 116
45 119
45 120
45 122
45 123
45 124
45 127
45 128
45 129
45 134
45 135
45 137
45 140
45 145
45 149
46 47
46 49
46 50
46 52
46 53
46 54
46 57
46 58
46 63
46 64
46 67
46 69
46 70
46 72
46 73
46 74
46 75
46 77
46 79
46 80
46 82
46 85
46 89
46 90
46 93
46 94
46 99
46 101
46 102
46 105
46 106
46 107
46 108
46 110
46 111
46 112
46 113
46 116
46 120
46 122
46 123
46 125
46 128
46 131
46 136
46 138
46 139
46 140
46 143
46 144
46 145
46 146
46 149
47 48
47 51
47 53
47 54
47 56
47 57
47 58
47 59
47 60
47 63
47 65
47 66
47 67
47 69
47 73
47 74
47 78
47 83
47 84
47 86
47 89
47 91
47 92
47 94
47 95
47 99
47 103
47 105
47 107
47 109
47 111
47 116
47 118
47 120
47 122
47 124
47 126
47 127
47 128
47 129
47 130
47 135
47 136
47 139
47 140
47 143
47 144
47 146
47 147
47 148
47 149
48 49
48 51
48 52
48 56
48 59
48 62
48 66
48 67
48 72
48 74
48 75
48 76
48 79
48 80
48 84
48 87
48 89
48 91
48 92
48 94
48 96
48 97
48 98
48 100
48 102
48 104
48 106
48 107
48 110
48 112
48 117
48 120
48 121
48 123
48 124
48 127
48 129
48 132
48 135
48 136
48 137
48 140
48 141
48 142
48 143
48 145
48 146
48 148
48 149
49 50
49 52
49 53
49 54
49 55
49 59
49 60
49 64
49 65
49 66
49 67
49 68
49 69
49 70
49 72
49 73
49 75
49 76
49 77
49 79
49 88
49 89
49 91
49 94
49 95
49 96
49 104
49 106
49 109
49 113
49 115
49 116
49 119
49 120
49 121
49 127
49 128
49 130
49 131
49 132
49 134
49 135
49 139
49 141
49 143
49 145
49 146
49 147
49 148
49 149
50 53
50 55
50 56
50 58
50 59
50 60
50 63
50 65
50 66
50 68
50 69
50 70
50 71
50 73
50 75
50 76
50 79
50 80
50 82
50 83
50 86
50 89
50 91
50 96
50 97
50 98
50 101
50 102
50 106
50 108
50 110
50 117
50 119
50 120
50 122
50 123
50 124
50 127
50 129
50 130
50 131
50 132
50 134
50 137
50 138
50 139
50 140
50 141
50 142
50 143
50 144
50 148
50 149
51 55
51 58
51 59
51 60
51 62
51 63
51 64
51 65
51 66
51 67
51 68
51 69
51 72
51 74
51 77
51 79
51 81
51 82
51 85
51 86
51 87
51 88
51 90
51 93
51 96
51 101
51 104
51 105
51 106
51 107
51 108
51 109
51 111
51 112
51 113
51 114
51 116
51 117
51 119
51 120
51 121
51 122
51 123
51 125
51 127
51 130
51 132
51 133
51 134
51 135
51 136
51 138
51 139
51 140
51 141
51 143
51 144
51 145
51 146
51 148
52 55
52 56
52 58
52 59
52 60
52 62
52 63
52 64
52 67
52 68
52 69
52 70
52 73
52 76
52 78
52 79
52 81
52 82
52 83
52 84
52 85
52 86
52 87
52 88
52 90
52 91
52 94
52 96
52 97
52 98
52 100
52 102
52 106
52 109
52 111
52 112
52 115
52 117
52 120
52 123
52 124
52 125
52 126
52 130
52 134
52 135
52 136
52 137
52 140
52 144
52 147
53 54
53 56
53 57
53 58
53 59
53 60
53 63
53 65
53 70
53 71
53 72
53 75
53 76
53 78
53 81
53 82
53 83
53 84
53 85
53 86
53 87
53 88
53 90
53 91
53 93
53 95
53 96
53 98
53 99
53 100
53 101
53 104
53 106
53 108
53 110
53 111
53 115
53 118
53 119
53 120
53 122
53 123
53 126
53 127
53 131
53 133
53 134
53 137
53 139
53 144
53 145
53 146
53 148
54 64
54 65
54 68
54 70
54 71
54 73
54 74
54 75
54 79
54 81
54 82
54 83
54 84
54 86
54 88
54 90
54 91
54 92
54 95
54 96
54 98
54 99
54 102
54 103
54 104
54 106
54 111
54 112
54 113
54 114
54 116
54 117
54 119
54 121
54 122
54 125
54 127
54 128
54 133
54 135
54 136
54 138
54 139
54 140
54 142
54 145
54 146
54 148
55 60
55 61
55 62
55 65
55 66
55 67
55 68
55 70
55 71
55 74
55 75
55 79
55 82
55 83
55 86
55 88
55 92
55 95
55 97
55 100
55 104
55 105
55 108
55 109
55 111
55 115
55 116
55 118
55 119
55 120
55 122
55 123
55 124
55 127
55 129
55 131
55 132
55 133
55 137
55 140
55 141
55 143
55 144
55 146
55 147
56 59
56 60
56 63
56 64
56 66
56 67
56 69
56 70
56 71
56 72
56 73
56 74
56 76
56 80
56 81
56 82
56 85
56 86
56 88
56 90
56 92
56 93
56 95
56 97
56 98
56 101
56 104
56 105
56 106
56 108
56 111
56 115
56 116
56 117
56 120
56 122
56 125
56 126
56 127
56 129
56 131
56 133
56 134
56 135
56 140
56 142
56 143
56 144
56 146
56 147
57 58
57 59
57 60
57 64
57 65
57 67
57 69
57 70
57 71
57 72
57 74
57 78
57 80
57 81
57 83
57 88
57 91
57 92
57 93
57 94
57 96
57 97
57 100
57 101
57 103
57 104
57 105
57 106
57 107
57 112
57 114
57 115
57 117
57 118
57 120
57 121
57 123
57 124
57 127
57 128
57 130
57 133
57 134
57 137
57 138
57 139
57 141
57 143
57 145
57 147
57 148
57 149
58 60
58 61
58 63
58 64
58 66
58 69
58 74
58 75
58 77
58 78
58 79
58 80
58 87
58 90
58 91
58 92
58 96
58 97
58 99
58 102
58 105
58 106
58 107
58 108
58 112
58 115
58 117
58 118
58 119
58 121
58 123
58 125
58 126
58 127
58 128
58 129
58 132
58 133
58 135
58 136
58 139
58 140
58 141
58 142
58 145
58 146
58 147
58 148
59 64
59 66
59 67
59 68
59 69
59 70
59 74
59 77
59 82
59 83
59 85
59 90
59 91
59 92
59 94
59 96
59 97
59 100
59 101
59 103
59 104
59 111
59 112
59 114
59 115
59 118
59 119
59 121
59 122
59 123
59 128
59 129
59 131
59 133
59 134
59 135
59 136
59 137
59 138
59 139
59 142
59 143
59 149
60 65
60 66
60 70
60 71
60 72
60 74
60 75
60 77
60 80
60 82
60 83
60 85
60 87
60 88
60 89
60 90
60 93
60 95
60 96
60 97
60 100
60 102
60 103
60 104
60 105
60 107
60 109
60 110
60 111
60 116
60 117
60 118
60 119
60 120
60 124
60 125
60 127
60 132
60 133
60 136
60 138
60 139
60 141
60 143
61 65
61 69
61 70
61 71
61 72
61 75
61 76
61 77
61 80
61 81
61 83
61 84
61 85
61 86
61 87
61 88
61 92
61 93
61 96
61 101
61 102
61 108
61 109
61 111
61 112
61 115
61 117
61 118
61 119
61 120
61 124
61 125
61 127
61 130
61 135
61 136
61 138
61 140
61 142
61 143
61 145
61 146
61 147
61 148
61 149
62 64
62 65
62 68
62 69
62 73
62 77
62 78
62 80
62 81
62 82
62 84
62 85
62 86
62 88
62 90
62 92
62 95
62 98
62 99
62 100
62 104
62 105
62 110
62 111
62 112
62 116
62 121
62 123
62 126
62 127
62 129
62 130
62 132
62 135
62 136
62 142
62 143
62 144
62 148
62 149
63 65
63 71
63 73
63 75
63 76
63 78
63 79
63 81
63 82
63 84
63 85
63 87
63 88
63 97
63 98
63 100
63 102
63 103
63 104
63 106
63 110
63 111
63 113
63 114
63 115
63 117
63 118
63 119
63 120
63 123
63 125
63 126
63 127
63 129
63 130
63 131
63 135
63 136
63 138
63 140
63 141
63 146
63 147
64 65
64 66
64 67
64 69
64 72
64 74
64 75
64 76
64 80
64 84
64 85
64 86
64 87
64 90
64 91
64 94
64 95
64 98
64 104
64 105
64 107
64 108
64 111
64 115
64 116
64 119
64 120
64 121
64 123
64 124
64 127
64 128
64 129
64 133
64 134
64 139
64 141
64 142
64 144
64 147
64 148
65 68
65 69
65 73
65 75
65 78
65 82
65 86
65 87
65 88
65 93
65 95
65 99
65 101
65 102
65 103
65 104
65 106
65 107
65 108
65 109
65 110
65 111
65 112
65 114
65 115
65 116
65 117
65 122
65 124
65 125
65 128
65 130
65 132
65 134
65 136
65 142
65 143
65 145
65 146
65 147
65 149
66 67
66 69
66 70
66 71
66 79
66 80
66 81
66 82
66 83
66 85
66 86
66 87
66 91
66 93
66 97
66 101
66 103
66 108
66 110
66 111
66 113
66 114
66 116
66 117
66 119
66 121
66 125
66 126
66 128
66 130
66 131
66 134
66 135
66 136
66 141
66 143
66 144
66 146
66 147
67 71
67 72
67 73
67 74
67 78
67 79
67 82
67 83
67 85
67 86
67 88
67 90
67 91
67 92
67 93
67 94
67 95
67 97
67 98
67 100
67 103
67 104
67 107
67 108
67 112
67 114
67 116
67 117
67 118
67 119
67 120
67 121
67 124
67 126
67 132
67 133
67 135
67 136
67 137
67 139
67 140
67 142
67 148
68 70
68 72
68 75
68 77
68 78
68 81
68 83
68 85
68 87
68 88
68 89
68 90
68 91
68 92
68 95
68 96
68 98
68 103
68 104
68 105
68 106
68 107
68 108
68 113
68 115
68 116
68 122
68 124
68 125
68 126
68 127
68 131
68 132
68 137
68 139
68 140
68 141
68 144
68 145
68 146
68 148
69 70
69 72
69 74
69 75
69 76
69 78
69 81
69 82
69 83
69 84
69 85
69 87
69 89
69 90
69 92
69 94
69 95
69 96
69 97
69 98
69 101
69 102
69 109
69 111
69 112
69 114
69 115
69 116
69 117
69 119
69 120
69 121
69 123
69 127
69 128
69 130
69 133
69 134
69 138
69 140
69 141
69 144
69 145
69 147
69 148
70 72
70 73
70 75
70 76
70 78
70 82
70 84
70 87
70 88
70 89
70 90
70 94
70 95
70 97
70 100
70 103
70 104
70 105
70 106
70 107
70 108
70 109
70 110
70 111
70 116
70 118
70 123
70 124
70 125
70 126
70 128
70 129
70 132
70 133
70 137
70 139
70 140
70 142
70 149
71 72
71 73
71 79
71 81
71 83
71 86
71 88
71 90
71 91
71 95
71 96
71 100
71 102
71 104
71 106
71 107
71 109
71 110
71 112
71 113
71 114
71 117
71 118
71 119
71 120
71 121
71 122
71 124
71 128
71 133
71 138
71 139
71 140
71 141
71 142
71 143
71 144
71 145
71 146
71 148
71 149
72 73
72 74
72 80
72 81
72 82
72 83
72 84
72 85
72 89
72 90
72 92
72 97
72 98
72 100
72 101
72 102
72 103
72 104
72 105
72 107
72 108
72 109
72 112
72 113
72 114
72 115
72 116
72 117
72 119
72 120
72 122
72 127
72 130
72 131
72 132
72 136
72 137
72 143
72 144
72 145
72 146
72 147
73 78
73 79
73 81
73 83
73 84
73 88
73 89
73 95
73 98
73 102
73 104
73 107
73 108
73 113
73 116
73 117
73 120
73 121
73 127
73 129
73 131
73 132
73 133
73 134
73 136
73 137
73 140
73 142
73 143
73 144
73 146
73 147
73 148
73 149
74 75
74 77
74 82
74 84
74 86
74 87
74 88
74 93
74 97
74 100
74 101
74 103
74 104
74 107
74 108
74 109
74 111
74 114
74 116
74 117
74 121
74 122
74 124
74 128
74 131
74 133
74 134
74 135
74 136
74 138
74 140
74 141
74 143
74 144
74 145
74 147
74 149
75 76
75 78
75 82
75 84
75 85
75 86
75 88
75 89
75 90
75 91
75 95
75 98
75 99
75 101
75 102
75 104
75 106
75 107
75 108
75 109
75 112
75 113
75 115
75 118
75 119
75 126
75 130
75 132
75 135
75 138
75 140
75 141
75 142
75 144
75 146
76 77
76 80
76 84
76 86
76 89
76 91
76 93
76 95
76 96
76 97
76 98
76 101
76 104
76 105
76 106
76 108
76 118
76 119
76 122
76 124
76 125
76 126
76 127
76 129
76 131
76 133
76 134
76 138
76 140
76 141
76 143
77 78
77 79
77 80
77 81
77 84
77 85
77 86
77 87
77 88
77 91
77 92
77 97
77 98
77 99
77 100
77 101
77 105
77 107
77 108
77 109
77 111
77 113
77 114
77 115
77 117
77 118
77 122
77 126
77 132
77 137
77 138
77 140
77 142
77 143
77 145
77 147
77 148
77 149
78 79
78 80
78 81
78 85
78 90
78 91
78 92
78 93
78 94
78 98
78 99
78 103
78 106
78 107
78 109
78 111
78 114
78 116
78 118
78 119
78 120
78 121
78 124
78 126
78 127
78 129
78 132
78 133
78 136
78 139
78 142
78 145
78 148
78 149
79 80
79 81
79 82
79 83
79 85
79 86
79 87
79 88
79 91
79 93
79 94
79 96
79 97
79 98
79 99
79 100
79 102
79 105
79 106
79 107
79 108
79 112
79 113
79 114
79 115
79 116
79 117
79 119
79 125
79 126
79 127
79 130
79 134
79 135
79 137
79 140
79 142
79 143
79 145
79 148
80 81
80 82
80 83
80 84
80 85
80 86
80 87
80 91
80 92
80 93
80 94
80 95
80 98
80 105
80 106
80 110
80 113
80 115
80 116
80 118
80 124
80 125
80 129
80 130
80 131
80 135
80 136
80 137
80 141
80 146
80 148
81 82
81 84
81 85
81 86
81 87
81 88
81 90
81 91
81 92
81 96
81 97
81 100
81 101
81 102
81 103
81 104
81 105
81 106
81 110
81 111
81 112
81 113
81 115
81 125
81 128
81 129
81 133
81 137
81 138
81 140
82 85
82 87
82 89
82 91
82 94
82 95
82 98
82 99
82 100
82 101
82 106
82 108
82 110
82 111
82 112
82 113
82 115
82 118
82 119
82 121
82 123
82 125
82 126
82 130
82 131
82 132
82 134
82 136
82 138
82 139
82 142
82 144
82 145
82 146
82 147
83 84
83 85
83 86
83 89
83 91
83 94
83 95
83 98
83 99
83 101
83 103
83 104
83 106
83 113
83 114
83 115
83 116
83 117
83 118
83 119
83 122
83 123
83 126
83 130
83 131
83 132
83 134
83 137
83 139
83 140
83 143
83 144
83 147
83 149
84 86
84 88
84 90
84 91
84 94
84 96
84 101
84 102
84 103
84 105
84 108
84 109
84 111
84 113
84 115
84 117
84 121
84 122
84 123
84 128
84 129
84 132
84 133
84 134
84 135
84 136
84 137
84 143
84 144
84 146
84 147
84 148
85 86
85 87
85 88
85 90
85 91
85 92
85 93
85 96
85 99
85 100
85 102
85 105
85 106
85 108
85 109
85 114
85 116
85 118
85 119
85 120
85 122
85 125
85 127
85 128
85 130
85 131
85 132
85 133
85 136
85 137
85 139
85 141
85 143
85 144
85 146
86 89
86 90
86 91
86 93
86 95
86 96
86 97
86 98
86 99
86 102
86 104
86 107
86 108
86 109
86 110
86 112
86 113
86 115
86 119
86 120
86 121
86 122
86 123
86 127
86 131
86 134
86 135
86 138
86 140
86 143
86 147
86 149
87 88
87 92
87 93
87 94
87 95
87 97
87 99
87 100
87 104
87 105
87 106
87 108
87 111
87 112
87 115
87 117
87 120
87 123
87 124
87 125
87 126
87 127
87 128
87 130
87 131
87 135
87 137
87 138
87 139
87 140
87 147
87 149
88 91
88 100
88 101
88 102
88 103
88 106
88 107
88 109
88 111
88 112
88 113
88 114
88 115
88 118
88 122
88 123
88 125
88 127
88 128
88 129
88 131
88 135
88 136
88 138
88 139
88 140
88 142
88 147
88 149
89 90
89 91
89 96
89 98
89 101
89 102
89 104
89 105
89 106
89 107
89 109
89 110
89 115
89 116
89 118
89 119
89 120
89 121
89 122
89 123
89 130
89 134
89 135
89 136
89 137
89 138
89 145
89 146
89 147
90 91
90 93
90 94
90 95
90 96
90 97
90 99
90 101
90 102
90 106
90 107
90 108
90 109
90 110
90 113
90 114
90 117
90 120
90 126
90 128
90 129
90 132
90 133
90 135
90 138
90 141
90 142
90 145
90 148
90 149
91 92
91 93
91 94
91 96
91 99
91 103
91 108
91 109
91 110
91 112
91 114
91 115
91 117
91 122
91 123
91 124
91 125
91 127
91 128
91 129
91 131
91 134
91 135
91 137
91 138
91 141
91 142
91 144
91 147
91 148
92 94
92 97
92 100
92 101
92 103
92 106
92 108
92 111
92 112
92 115
92 116
92 119
92 120
92 121
92 123
92 124
92 126
92 127
92 128
92 129
92 130
92 135
92 136
92 137
92 138
92 141
92 143
92 145
92 149
93 94
93 95
93 96
93 100
93 102
93 104
93 105
93 106
93 107
93 109
93 112
93 113
93 115
93 116
93 117
93 119
93 120
93 121
93 122
93 124
93 126
93 127
93 128
93 134
93 135
93 136
93 138
93 140
93 143
93 144
93 146
93 148
94 97
94 100
94 102
94 103
94 105
94 106
94 107
94 108
94 109
94 110
94 111
94 114
94 115
94 116
94 117
94 119
94 121
94 124
94 125
94 126
94 127
94 128
94 129
94 132
94 133
94 135
94 137
94 138
94 139
94 140
94 144
94 145
94 148
95 97
95 98
95 99
95 101
95 103
95 104
95 105
95 106
95 109
95 111
95 112
95 113
95 114
95 117
95 118
95 124
95 126
95 127
95 129
95 130
95 133
95 139
95 141
95 142
95 146
95 148
96 98
96 99
96 104
96 105
96 106
96 108
96 109
96 110
96 111
96 112
96 115
96 117
96 120
96 121
96 123
96 124
96 125
96 129
96 132
96 135
96 136
96 140
96 141
96 143
96 146
97 101
97 103
97 106
97 107
97 108
97 112
97 114
97 115
97 119
97 120
97 121
97 123
97 124
97 126
97 127
97 129
97 130
97 132
97 136
97 138
97 143
97 144
97 148
97 149
98 101
98 102
98 106
98 107
98 110
98 111
98 113
98 114
98 118
98 119
98 121
98 122
98 125
98 126
98 127
98 136
98 141
98 142
98 146
99 100
99 101
99 106
99 107
99 114
99 117
99 119
99 120
99 124
99 126
99 127
99 129
99 130
99 132
99 134
99 136
99 138
99 141
99 145
99 146
99 149
100 101
100 102
100 103
100 106
100 110
100 111
100 112
100 116
100 117
100 122
100 123
100 126
100 127
100 130
100 131
100 133
100 136
100 138
100 140
100 146
100 149
101 107
101 108
101 110
101 113
101 114
101 115
101 118
101 120
101 123
101 124
101 125
101 128
101 129
101 131
101 135
101 140
101 142
101 143
101 148
102 103
102 104
102 110
102 111
102 115
102 117
102 118
102 120
102 121
102 124
102 125
102 126
102 127
102 128
102 129
102 130
102 131
102 133
102 134
102 138
102 141
102 144
103 105
103 106
103 108
103 109
103 111
103 117
103 118
103 120
103 121
103 122
103 124
103 126
103 127
103 132
103 135
103 136
103 141
103 145
104 106
104 108
104 109
104 113
104 116
104 120
104 121
104 123
104 124
104 125
104 126
104 129
104 134
104 135
104 136
104 138
104 140
104 142
104 144
104 145
104 146
104 148
104 149
105 106
105 108
105 109
105 110
105 112
105 114
105 116
105 117
105 118
105 119
105 123
105 125
105 129
105 131
105 132
105 133
105 134
105 135
105 140
105 143
105 146
105 147
105 148
105 149
106 107
106 108
106 111
106 112
106 117
106 121
106 122
106 123
106 125
106 126
106 127
106 131
106 133
106 135
106 136
106 137
106 138
106 140
106 141
106 146
107 109
107 111
107 112
107 113
107 121
107 124
107 127
107 129
107 132
107 133
107 134
107 136
107 137
107 138
107 139
107 140
107 141
107 143
107 148
108 109
108 110
108 112
108 113
108 114
108 117
108 119
108 120
108 121
108 123
108 124
108 126
108 128
108 130
108 133
108 134
108 135
108 137
108 139
108 140
108 142
108 144
108 147
108 148
109 112
109 115
109 116
109 122
109 123
109 125
109 126
109 127
109 128
109 129
109 131
109 132
109 133
109 134
109 135
109 139
109 143
109 144
109 147
109 149
110 111
110 112
110 115
110 117
110 120
110 121
110 122
110 123
110 127
110 128
110 129
110 130
110 137
110 138
110 139
110 141
110 143
110 144
110 146
110 148
111 112
111 113
111 114
111 115
111 116
111 118
111 119
111 120
111 121
111 125
111 126
111 129
111 132
111 134
111 135
111 137
111 138
111 140
111 144
111 146
111 149
112 113
112 114
112 115
112 116
112 117
112 118
112 121
112 122
112 123
112 129
112 130
112 132
112 134
112 136
112 137
112 140
112 143
112 145
112 147
112 149
113 114
113 117
113 118
113 120
113 121
113 123
113 124
113 130
113 133
113 134
113 135
113 136
113 139
113 141
113 143
113 145
113 148
114 115
114 116
114 117
114 120
114 121
114 122
114 123
114 125
114 127
114 128
114 129
114 131
114 133
114 134
114 136
114 137
114 142
114 143
114 145
114 147
115 118
115 119
115 120
115 122
115 124
115 125
115 127
115 128
115 129
115 131
115 132
115 133
115 138
115 139
115 146
115 147
115 148
116 118
116 119
116 121
116 125
116 126
116 128
116 129
116 130
116 132
116 134
116 136
116 138
116 141
116 145
116 147
116 148
117 119
117 121
117 124
117 128
117 131
117 132
117 133
117 136
117 139
117 143
117 144
117 146
117 148
117 149
118 119
118 120
118 123
118 124
118 125
118 126
118 128
118 133
118 135
118 136
118 137
118 138
118 140
118 141
118 142
118 146
119 120
119 122
119 124
119 127
119 129
119 130
119 132
119 133
119 134
119 136
119 137
119 139
119 142
119 144
119 146
119 147
119 148
119 149
120 125
120 129
120 131
120 132
120 135
120 136
120 139
120 140
120 143
120 144
120 145
121 122
121 123
121 124
121 125
121 127
121 128
121 129
121 131
121 133
121 135
121 136
121 138
121 141
121 142
121 143
121 146
121 147
121 148
121 149
122 123
122 125
122 130
122 132
122 134
122 137
122 139
122 141
122 142
122 144
122 146
122 148
122 149
123 124
123 125
123 130
123 132
123 135
123 139
123 141
123 142
123 143
123 147
123 148
123 149
124 126
124 129
124 130
124 131
124 132
124 133
124 135
124 136
124 137
124 138
124 140
124 141
124 143
124 144
124 147
125 126
125 129
125 131
125 132
125 133
125 140
125 144
125 147
125 148
125 149
126 127
126 130
126 132
126 135
126 139
126 143
126 145
126 146
126 147
126 148
126 149
127 131
127 132
127 138
127 139
127 141
127 143
127 145
127 146
127 147
127 148
128 129
128 139
128 140
128 141
128 142
128 143
128 148
128 149
129 131
129 132
129 135
129 139
129 140
129 141
129 143
129 144
129 145
129 146
129 147
129 148
130 131
130 133
130 134
130 137
130 139
130 140
130 142
130 144
130 147
130 148
131 132
131 133
131 138
131 144
131 146
131 149
132 134
132 135
132 136
132 137
132 138
132 139
132 140
132 143
132 144
132 145
132 147
132 148
133 134
133 136
133 138
133 139
133 142
133 143
133 144
133 145
133 146
133 147
133 148
133 149
134 135
134 136
134 138
134 139
134 140
134 141
134 142
134 144
134 145
134 148
135 138
135 139
135 141
135 143
135 144
135 145
135 146
135 148
135 149
136 138
136 143
136 149
137 140
137 141
137 143
137 145
137 146
137 147
137 149
138 139
138 141
138 143
138 146
138 147
138 149
139 140
139 144
139 146
139 148
140 143
140 144
141 142
141 144
141 146
141 148
141 149
142 143
142 145
142 147
142 149
143 145
143 146
143 148
143 149
144 146
144 148
145 147
145 148
146 147
146 149
147 148
147 149
